"Company: ","Five Below Inc (FIVE:US)","","","","","","","","","","","","","","",""
"Exchange: ","NASDAQ","","","","","","","","","","","","","","",""
"Last Close Price: ","110.5","","","","","","","","","","","","","","",""
"Industry: ","Specialty Retail","","","","","","","","","","","","","","",""
"Currency: ","USD","","","","","","","","","","","","","","",""
"Country: ","US","","","","","","","","","","","","","","",""
"Market Cap.: ","6404","","","","","","","","","","","","","","",""
"Enterprise Value: ","6034","","","","","","","","","","","","","","",""
"period_end_date","2010-01","2011-01","2012-01","2013-01","2014-01","2015-01","2016-01","2017-01","2018-01","2019-01","2020-01","2021-01","2022-01","2023-01","2024-01","TTM"
"revenue","125.135","197.189","297.113","418.825","535.402","680.218","831.954","1000.41","1278.208","1559.563","1846.73","1962.137","2848.354","3076.308","3559.369","3644.985"
"cogs","85.04000000000001","131.046","192.252","268.989","347.386","442.427","540.02","643.373","814.795","994.478","1172.764","1309.807","1817.91","1980.817","2285.544","2342.444"
"gross_profit","40.095","66.143","104.861","149.836","188.016","237.791","291.934","357.037","463.413","565.085","673.966","652.33","1030.444","1095.491","1273.825","1302.541"
"sga","33.217","54.339","78.64","112.182","134.279","160.775","198.993","243.075","306.022","377.901","456.682","497.527","565.7329999999999","644.831","757.5069999999999","755.301"
"rnd","","","","","","","","","","","","","","","",""
"special_charges","","","","","","","","","","","","","","","",""
"other_opex","","","","","","","","","","","","","84.831","105.617","130.747","167.931"
"total_opex","33.217","54.339","78.64","112.182","134.279","160.775","198.993","243.075","306.022","377.901","456.682","497.527","650.564","750.448","888.254","923.232"
"operating_income","6.878","11.804","26.221","37.654","53.737","77.01600000000001","92.941","113.962","157.391","187.184","217.284","154.803","379.88","345.043","385.571","379.309"
"net_interest_income_normal","-0.073","-0.028","0.016","-2.374","-1.513","-0.125","0.04","0.299","1.458","4.623","4.285","-1.736","-13.177","2.491","15.53","16.873"
"other_nonoperating_income","","","","-1.186","-0.266","-0.232","-0.325","","","","","","","","",""
"pretax_income","6.805","11.776","26.237","34.094","51.958","76.65900000000001","92.65600000000001","114.261","158.849","191.807","221.569","153.067","366.703","347.534","401.101","396.182"
"income_tax","4.853","-4.753","-10.159","-14.069","-19.816","-28.635","-34.976","-42.421","-56.398","-42.162","-46.513","-29.706","-87.893","-86.006","-99.995","-101.087"
"net_income_continuing","11.658","7.023","16.078","20.025","32.142","48.024","57.68","71.84","102.451","149.645","175.056","123.361","278.81","261.528","301.106","295.095"
"net_income_discontinued","","","","","","","","","","","","","","","",""
"income_allocated_to_minority_interest","","","","","","","","","","","","","","","",""
"other_income_statement_items","","","3.5527136788005E-15","","7.105427357601E-15","","-7.105427357601E-15","","","2.8421709430404E-14","2.8421709430404E-14","","5.6843418860808E-14","","","3.0198066269804E-14"
"net_income","11.658","7.023","16.078","20.025","32.142","48.024","57.68","71.84","102.451","149.645","175.056","123.361","278.81","261.528","301.106","295.095"
"preferred_dividends","","4.507","15.913","65.40300000000001","","","","","","","","","","","",""
"net_income_available_to_shareholders","11.658","2.516","0.165","-45.378","32.142","48.024","57.68","71.84","102.451","149.645","175.056","123.361","278.81","261.528","301.106","295.095"
"eps_basic","0.08","-0.02","","-1.28","0.59","0.89","1.06","1.31","1.86","2.68","3.14","2.21","4.98","4.71","5.43","5.33"
"eps_diluted","0.08","-0.02","","-1.28","0.59","0.88","1.05","1.3","1.84","2.66","3.12","2.2","4.95","4.69","5.41","5.32"
"shares_basic","50.257","50.257","50.257","35.444","53.295","54.22","54.514","54.846","55.208","55.763","55.824","55.817","56","55.547","55.487","55.487"
"shares_diluted","50.257","50.257","50.257","35.444","53.742","54.574","54.793","55.129","55.561","56.221","56.166","56.06","56.304","55.745","55.622","55.622"
"cash_and_equiv","","12.153","41.293","56.081","50.184","63.186","53.081","76.08799999999999","112.669","251.748","202.49","268.783","64.973","332.324","179.749","179.749"
"st_investments","","","","","","","46.335","77.791","131.958","85.41200000000001","59.229","140.928","277.141","66.845","280.339","280.339"
"receivables","","0.02","","","","","","","","","","6.35","11.325","8.898","4.834","4.834"
"inventories","","26.754","38.79","60.831","89.377","115.652","148.37","154.448","187.037","243.636","324.028","281.267","455.104","527.72","584.627","584.627"
"other_current_assets","","7.015","12.166","12.764","21.338","20.119","16.959","31.462","47.698","61.461","79.96599999999999","58.085","96.196","130.592","153.993","153.993"
"total_current_assets","","45.942","92.249","129.676","160.899","198.957","264.745","339.789","479.362","642.2569999999999","665.713","755.413","904.739","1066.379","1203.542","1203.542"
"equity_and_other_investments","","","","","","","","10.514","27.702","","","","37.717","","7.791","7.791"
"ppe_gross","","46.204","64.744","90.56999999999999","114.378","146.383","194.179","238.576","308.028","469.885","1497.145","1819.232","2292.146","2698.689","3227.818","3227.818"
"accumulated_depreciation","","-16.461","-22.704","-31.53","-43.997","-59.385","-74.395","-100.2","-127.679","-168.588","-215.071","-278.019","-363.254","-454.027","-584.09","-584.09"
"ppe_net","","29.743","42.04","59.04","70.381","86.998","119.784","138.376","180.349","301.297","1282.074","1541.213","1928.892","2244.662","2643.728","2643.728"
"intangible_assets","","","","","","","","","","","","","","","",""
"goodwill","","","","","","","","","","","","","","","",""
"other_lt_assets","","0.89699999999999","0.238","0.94400000000002","0.774","8.164999999999999","8.765000000000001","11.857","8.295","8.710000000000001","10.874","18.144","9.112000000000101","13.87","16.976","16.976"
"total_assets","","76.58199999999999","134.527","189.66","232.054","294.12","393.294","500.536","695.708","952.264","1958.661","2314.77","2880.46","3324.911","3872.037","3872.037"
"accounts_payable","","10.023","23.588","27.952","34.013","39.222","58.225","51.178","73.033","103.692","130.242","138.622","196.461","221.12","256.275","256.275"
"tax_payable","","0.141","9.138999999999999","7.083","6.007","14.442","11.942","23.939","25.275","20.626","9.505000000000001","2.025","28.096","19.928","41.772","41.772"
"current_accrued_liabilities","","8.051","14.339","16.023","20.222","25.737","32.029","41.446","66.152","128.787","101.128","151.949","198.807","161.736","176.915","176.915"
"st_debt","","","","15","19.5","","","","","","","","","","",""
"current_deferred_revenue","","","1.745","2.418","","","","","","","","","","","",""
"current_deferred_tax_liability","","","","","","","","","","","","","","","",""
"other_current_liabilities","","","1.131","0.30799999999999","1.4210854715202E-14","","","1.4210854715202E-14","2.8421709430404E-14","-2.8421709430404E-14","","","-1.1368683772162E-13","","1.1368683772162E-13","1.1368683772162E-13"
"total_current_liabilities","","18.215","49.942","68.78400000000001","79.742","79.401","102.196","116.563","164.46","253.105","351.345","435.67","586.901","602.5599999999999","715.926","715.926"
"lt_debt","","0.25","0.25","19.5","","","","","","","","","","","",""
"noncurrent_capital_leases","","","","","","","","","","","837.623","967.255","1135.456","1296.975","1497.586","1497.586"
"pension_liabilities","","","","","","","","","","","","","","","",""
"noncurrent_deferred_revenue","","15.059","22.239","30.632","35.439","40.45","46.617","52.568","72.69","84.065","8.715999999999999","28.911","36.156","59.151","66.74299999999999","66.74299999999999"
"other_lt_liabilities","","191.855","","-1.4210854715202E-14","-1.4210854715202E-14","","","","","5.6843418860808E-14","1.1990000000001","1.048","1.663","4.296","6.826","6.826"
"total_liabilities","","225.379","72.431","118.916","115.181","119.851","148.813","169.131","237.15","337.17","1198.883","1432.884","1760.176","1962.982","2287.081","2287.081"
"common_stock","","","","1","1","1","1","1","1","1","1","1","1","1","1","1"
"preferred_stock","","191.855","191.855","","","","","","","","","","","","",""
"retained_earnings","","-149.69","-133.612","-200.433","-168.291","-120.267","-62.587","9.253","111.704","261.835","436.891","560.252","839.062","1100.59","1401.696","1401.696"
"aoci","","","","","","","","","","","","","","","",""
"apic","","0.732","3.691","270.637","284.622","293.992","306.522","321.603","346.3","352.702","322.33","321.075","280.666","260.784","182.709","182.709"
"treasury_stock","","","","","","","","","","","","","","","",""
"other_equity","","-191.694","0.162","-0.46000000000001","-0.45800000000001","-0.45600000000002","-0.45400000000001","-0.45100000000002","-0.44600000000003","-0.44299999999998","-0.44299999999998","-0.44100000000003","-0.44399999999996","-0.44499999999971","-0.44900000000007","-0.44900000000007"
"minority_interest_liability","","","","","","","","","","","","","","","",""
"total_equity","","-148.797","62.096","70.744","116.873","174.269","244.481","331.405","458.558","615.0940000000001","759.778","881.886","1120.284","1361.929","1584.956","1584.956"
"total_liabilities_and_equity","","76.58199999999999","134.527","189.66","232.054","294.12","393.294","500.536","695.708","952.264","1958.661","2314.77","2880.46","3324.911","3872.037","3872.037"
"cfo_net_income","11.658","7.023","16.078","20.025","32.142","48.024","57.68","71.84","102.451","149.645","175.056","123.361","278.81","261.528","301.106","295.095"
"cfo_da","3.66","4.805","7.071","9.599","13.469","17.202","22.227","26.631","33.241","41.451","54.979","69.345","84.831","105.617","130.747","138.745"
"cfo_receivables","","-0.02","0.02","","","","","","","","","","","","",""
"cfo_inventory","-2.606","-10.711","-12.036","-22.041","-28.546","-26.275","-32.718","-6.079","-32.589","-56.599","-80.392","42.761","-173.837","-72.616","-56.907","-95.592"
"cfo_prepaid_expenses","-0.645","-0.756","-3.27","-4.169","-5.058","-3.378","3.159","-15.086","-17.643","-14.728","-19.329","14.854","-31.262","-36.952","-22.587","-27.889"
"cfo_other_working_capital","1.857","12.772","37.229","8.863","13.13","22.545","26.96","19.786","61.047","51.752","29.373","83.327","135.63","10.362","121.458","103.753"
"cfo_change_in_working_capital","-1.394","1.285","21.943","-17.347","-20.474","-7.108","-2.599","-1.379","10.815","-19.575","-70.348","140.942","-69.46899999999999","-99.206","41.964","-19.728"
"cfo_deferred_tax","-5.027","-0.716","0.056","3.812","-5.074","-3.063","-0.626","-2.532","4.363","0.55","14.842","20.195","7.245","22.995","7.592","7.06"
"cfo_stock_comp","0.27","2.1","1.2","12.32","10.09","5.93","11.17","11.95","16.37","12.02","12.38","9.550000000000001","25.79","23.58","17.86","19.16"
"cfo_other_noncash_items","0.060000000000002","0.548","0.347","1.954","1.034","0.44499999999999","0.060999999999993","0.11199999999999","0.14099999999999","0.041999999999973","0.11999999999998","2.573","0.70499999999993","0.41199999999998","0.35000000000002","0.43499999999992"
"cf_cfo","9.227","15.045","46.695","30.363","31.187","61.43","87.913","106.622","167.381","184.133","187.029","365.966","327.912","314.926","499.619","440.767"
"cfi_ppe_net","-7.285","-14.883","-18.558","-22.89","-25.931","-32.322","-53.059","-44.794","-67.795","-113.72","-212.297","-200.189","-288.167","-251.954","-335.05","-377.825"
"cfi_acquisitions_net","","","","","","","","","","","","","","","",""
"cfi_investment_net","","","","","","","-46.335","-41.97","-71.355","74.248","18.717","-86.7","-177.43","248.014","-221.285","-185.101"
"cfi_intangibles_net","","","","","","","","","","","","","","","",""
"cfi_other","","","","","","","","","-2.8421709430404E-14","-7.105427357601E-15","-2.8421709430404E-14","","","-2.2204460492503E-15","","1.7763568394003E-15"
"cf_cfi","-7.285","-14.883","-18.558","-22.89","-25.931","-32.322","-99.39400000000001","-86.764","-139.15","-39.472","-193.58","-286.889","-465.597","-3.94","-556.335","-562.926"
"cff_common_stock_net","","","1.11","73.19799999999999","0.148","-0.135","-0.144","-1.696","-1.253","-9.612","-46.817","-16.103","-66.515","-44.164","-96.14700000000001","-127.278"
"cff_pfd_net","","191.855","","","","","","","","","","","","","",""
"cff_debt_net","-0.222","0.25","","34.45","-15","-19.5","","","","","","","","","",""
"cff_dividend_paid","","-192.417","","-99.45099999999999","","","","","","","","","","","",""
"cff_other","0.077","-0.13299999999999","-0.107","-0.882","3.699","3.529","1.52","4.845","9.603","4.03","4.11","3.319","0.39","0.529","0.288","10.459"
"cf_cff","-0.145","-0.445","1.003","7.315","-11.153","-16.106","1.376","3.149","8.35","-5.582","-42.707","-12.784","-66.125","-43.635","-95.85899999999999","-116.819"
"ebitda","10.538","16.609","33.292","47.253","67.206","94.218","115.168","140.593","190.632","228.635","272.263","224.148","464.711","450.66","516.318","518.054"
"capex","-7.285","-14.883","-18.558","-22.89","-25.931","-32.322","-53.059","-44.794","-67.795","-113.72","-212.297","-200.189","-288.167","-251.954","-335.05","-377.825"
"fcf","1.942","0.162","28.137","7.473","5.256","29.108","34.854","61.828","99.586","70.413","-25.268","165.777","39.745","62.972","164.569","62.942"
"book_value","","-340.652","-129.759","70.744","116.873","174.269","244.481","331.405","458.558","615.0940000000001","759.778","881.886","1120.284","1361.929","1584.956","1584.661"
"tangible_book_value","","-340.652","-129.759","70.744","116.873","174.269","244.481","331.405","458.558","615.0940000000001","759.778","881.886","1120.284","1361.929","1584.956","1584.661"
"roa","","0.18","0.15","0.12","0.15","0.18","0.17","0.16","0.17","0.18","0.12","0.06","0.11","0.08","0.08","0.08"
"roe","","-0.09","-0.37","0.3","0.34","0.33","0.28","0.25","0.26","0.28","0.25","0.15","0.28","0.21","0.2","0.2"
"roic","","-0.09","-0.37","0.24","0.27","0.31","0.28","0.25","0.26","0.28","0.16","0.07000000000000001","0.14","0.11","0.1","0.1"
"roce","","0.4","0.37","0.34","0.35","0.4","0.37","0.34","0.34","0.3","0.19","0.09","0.18","0.14","0.13","0.13"
"rotce","","0.4","0.37","0.34","0.35","0.4","0.37","0.34","0.34","0.3","0.19","0.09","0.18","0.14","0.13","0.13"
"gross_margin","0.32","0.34","0.35","0.36","0.35","0.35","0.35","0.36","0.36","0.36","0.36","0.33","0.36","0.36","0.36","0.36"
"ebitda_margin","0.08","0.08","0.11","0.11","0.13","0.14","0.14","0.14","0.15","0.15","0.15","0.11","0.16","0.15","0.15","0.14"
"operating_margin","0.05","0.06","0.09","0.09","0.1","0.11","0.11","0.11","0.12","0.12","0.12","0.08","0.13","0.11","0.11","0.1"
"pretax_margin","0.05","0.06","0.09","0.08","0.1","0.11","0.11","0.11","0.12","0.12","0.12","0.08","0.13","0.11","0.11","0.11"
"net_income_margin","0.09","0.04","0.05","0.05","0.06","0.07000000000000001","0.07000000000000001","0.07000000000000001","0.08","0.1","0.09","0.06","0.1","0.09","0.08","0.08"
"fcf_margin","0.02","","0.09","0.02","0.01","0.04","0.04","0.06","0.08","0.05","-0.01","0.08","0.01","0.02","0.05","0.02"
"assets_to_equity","","-0.51","2.17","2.68","1.99","1.69","1.61","1.51","1.52","1.55","2.58","2.62","2.57","2.44","2.44","2.49"
"equity_to_assets","","-1.94","0.46","0.37","0.5","0.59","0.62","0.66","0.66","0.65","0.39","0.38","0.39","0.41","0.41","0.4"
"debt_to_equity","","","","0.49","0.17","","","","","","1.1","1.1","1.01","0.95","0.9399999999999999","0.98"
"debt_to_assets","","","","0.18","0.08","","","","","","0.43","0.42","0.39","0.39","0.39","0.39"
"revenue_per_share","2.49","3.92","5.91","11.82","9.960000000000001","12.46","15.18","18.15","23.01","27.74","32.88","35","50.59","55.19","63.99","65.72"
"ebitda_per_share","0.21","0.33","0.66","1.33","1.25","1.73","2.1","2.55","3.43","4.07","4.85","4","8.25","8.08","9.279999999999999","9.35"
"operating_income_per_share","0.14","0.23","0.52","1.06","1","1.41","1.7","2.07","2.83","3.33","3.87","2.76","6.75","6.19","6.93","6.85"
"pretax_income_per_share","0.14","0.23","0.52","0.96","0.97","1.4","1.69","2.07","2.86","3.41","3.94","2.73","6.51","6.23","7.21","7.15"
"fcf_per_share","0.04","","0.5600000000000001","0.21","0.1","0.53","0.64","1.12","1.79","1.25","-0.45","2.96","0.71","1.13","2.96","1.15"
"book_value_per_share","","-6.78","-2.58","2","2.17","3.19","4.46","6.01","8.25","10.94","13.53","15.73","19.9","24.43","28.5","28.68"
"tangible_book_per_share","","-6.78","-2.58","2","2.17","3.19","4.46","6.01","8.25","10.94","13.53","15.73","19.9","24.43","28.5","28.68"
"payout_ratio","","","","","","","","","","","","","","","",""
"revenue_growth","","0.58","0.51","0.41","0.28","0.27","0.22","0.2","0.28","0.22","0.18","0.06","0.45","0.08","0.16",""
"gross_profit_growth","","0.65","0.59","0.43","0.25","0.26","0.23","0.22","0.3","0.22","0.19","-0.03","0.58","0.06","0.16",""
"ebitda_growth","","0.58","1","0.42","0.42","0.4","0.22","0.22","0.36","0.2","0.19","-0.18","1.07","-0.03","0.15",""
"operating_income_growth","","0.72","1.22","0.44","0.43","0.43","0.21","0.23","0.38","0.19","0.16","-0.29","1.45","-0.09","0.12",""
"pretax_income_growth","","0.73","1.23","0.3","0.52","0.48","0.21","0.23","0.39","0.21","0.16","-0.31","1.4","-0.05","0.15",""
"net_income_growth","","-0.4","1.29","0.25","0.61","0.49","0.2","0.25","0.43","0.46","0.17","-0.3","1.26","-0.06","0.15",""
"eps_diluted_growth","","-1.2","1.06","-1281","1.46","0.49","0.19","0.24","0.42","0.45","0.17","-0.29","1.25","-0.05","0.15",""
"shares_diluted_growth","","","","-0.29","0.52","0.02","","0.01","0.01","0.01","","","","-0.01","",""
"cash_and_equiv_growth","","","2.4","0.36","-0.11","0.26","-0.16","0.43","0.48","1.23","-0.2","0.33","-0.76","4.11","-0.46",""
"ppe_growth","","","0.41","0.4","0.19","0.24","0.38","0.16","0.3","0.67","3.26","0.2","0.25","0.16","0.18",""
"total_assets_growth","","","0.76","0.41","0.22","0.27","0.34","0.27","0.39","0.37","1.06","0.18","0.24","0.15","0.16",""
"total_equity_growth","","","1.42","0.14","0.65","0.49","0.4","0.36","0.38","0.34","0.24","0.16","0.27","0.22","0.16",""
"cfo_growth","","0.63","2.1","-0.35","0.03","0.97","0.43","0.21","0.57","0.1","0.02","0.96","-0.1","-0.04","0.59",""
"capex_growth","","-1.04","-0.25","-0.23","-0.13","-0.25","-0.64","0.16","-0.51","-0.68","-0.87","0.06","-0.44","0.13","-0.33",""
"fcf_growth","","-0.92","172.69","-0.73","-0.3","4.54","0.2","0.77","0.61","-0.29","-1.36","7.56","-0.76","0.58","1.61",""
"shares_eop","50.257","50.257","53.965","53.981","54.191","54.42","54.591","54.905","55.438","55.759","55.712","55.935","55.662","55.537","55.198","55.19"
"dividends","","","","","","","","","","","","","","","",""
"price_to_earnings","","","","99.73999999999999","61.79","37.76","33.34","30.46","35.13","46.1","36.03","79.68000000000001","32.74","41.86","32.9","27.37"
"price_to_book","","","","28.23","16.99","10.41","7.87","6.6","7.85","11.22","8.300000000000001","11.15","8.15","8.039999999999999","6.25","5.1"
"price_to_sales","","","","4.77","3.71","2.67","2.31","2.19","2.82","4.42","3.42","5.01","3.2","3.56","2.78","2.22"
"price_to_tangible_book","","","","28.23","16.99","10.41","7.87","6.6","7.85","11.22","8.300000000000001","11.15","8.15","8.039999999999999","6.25","5.1"
"price_to_fcf","","","","267.27","377.87","62.29","55.18","35.39","36.15","97.98","-249.63","59.29","229.68","173.86","60.19","128.32"
"market_cap","","","","1997.297","1986.10015","1813.2744","1923.24093","2187.96425","3599.58934","6899.06107","6307.71264","9829.457549999999","9128.567999999999","10948.00881","9905.83308","8076.79728"
"period_end_price","","","","37","36.65","33.32","35.23","39.85","64.93000000000001","123.73","113.22","175.73","164","197.13","179.46","179.46"
