"Company: ","Freshpet Inc (FRPT:US)","","","","","","","","","","","",""
"Exchange: ","NASDAQ","","","","","","","","","","","",""
"Last Close Price: ","127.93","","","","","","","","","","","",""
"Industry: ","Food Products","","","","","","","","","","","",""
"Currency: ","USD","","","","","","","","","","","",""
"Country: ","US","","","","","","","","","","","",""
"Market Cap.: ","6229","","","","","","","","","","","",""
"Enterprise Value: ","6364","","","","","","","","","","","",""
"period_end_date","2012-12","2013-12","2014-12","2015-12","2016-12","2017-12","2018-12","2019-12","2020-12","2021-12","2022-12","2023-12","TTM"
"revenue","43.519","63.151","86.764","116.186","129.707","152.359","193.237","245.862","318.79","425.489","595.3440000000001","766.895","823.222"
"cogs","22.881","35.958","44.546","61.537","69.336","79.943","103.247","131.665","185.88","263.343","409.311","516.023","534.952"
"gross_profit","20.638","27.193","42.218","54.649","60.371","72.416","89.98999999999999","114.197","132.91","162.146","186.033","250.872","288.27"
"sga","35.385","39.574","48.299","58.297","62.586","75.167","94.876","114.45","134.908","186.809","238.016","281.318","288.742"
"rnd","","","","","","","","","","","","",""
"special_charges","","","","","","","","","","","","",""
"other_opex","","","-0.001","","","","","","","","","",""
"total_opex","35.385","39.574","48.298","58.297","62.586","75.167","94.876","114.45","134.908","186.809","238.016","281.318","288.742"
"operating_income","-14.747","-12.381","-6.08","-3.648","-2.215","-2.751","-4.886","-0.253","-1.998","-24.663","-51.983","-30.446","-0.472"
"net_interest_income_normal","-3.533","-8.737","-30.551","-0.455","-0.698","-0.91","-0.296","-0.991","-1.212","-2.869","-3.498","-1.068","1.431"
"other_nonoperating_income","-0.344","-0.538","-0.666","0.45","-0.182","-0.526","-0.102","0.005","0.08699999999999999","","","","9.919"
"pretax_income","-18.624","-21.656","-37.297","-3.653","-3.095","-4.187","-5.284","-1.239","-3.123","-27.532","-55.481","-31.514","10.878"
"income_tax","-0.033","-0.032","-0.042","-0.058","-0.066","-0.075","-0.077","-0.144","-0.065","-0.162","-0.282","-0.21","-0.194"
"net_income_continuing","-18.657","-21.688","-37.339","-3.711","-3.161","-4.262","-5.361","-1.383","-3.188","-27.694","-55.763","-31.724","10.684"
"net_income_discontinued","","","","","","","","","","","","",""
"income_allocated_to_minority_interest","","","","","","","","","","","","",""
"other_income_statement_items","0.0010000000000012","0.0009999999999976701","","","","8.8817841970013E-16","","","","-2.005","-3.731","-1.89","-0.91"
"net_income","-18.656","-21.687","-37.339","-3.711","-3.161","-4.262","-5.361","-1.383","-3.188","-29.699","-59.494","-33.614","9.773999999999999"
"preferred_dividends","7.953","8.596","11.286","","","","","","","","","",""
"net_income_available_to_shareholders","-26.609","-30.283","-48.625","-3.711","-3.161","-4.262","-5.361","-1.383","-3.188","-29.699","-59.494","-33.614","9.773999999999999"
"eps_basic","-1.28","-1.46","-9.630000000000001","-0.11","-0.09","-0.12","-0.15","-0.04","-0.08","-0.6899999999999999","-1.29","-0.7","0.2"
"eps_diluted","-1.28","-1.46","-9.630000000000001","-0.11","-0.09","-0.12","-0.15","-0.04","-0.08","-0.6899999999999999","-1.29","-0.7","0.18"
"shares_basic","20.758","20.758","13.632","33.498","33.674","34.487","35.329","35.95","39.758","42.931","46.191","48.163","48.163"
"shares_diluted","20.758","20.758","13.632","33.498","33.674","34.487","35.329","35.95","39.758","42.931","46.191","48.163","48.163"
"cash_and_equiv","1.633","2.445","36.259","8.029","3.908","2.184","7.554","9.472","67.247","72.788","132.735","296.871","296.871"
"st_investments","","","","3.25","","","","","","","","",""
"receivables","2.778","3.498","5.36","7.031","8.887","12.722","12.327","18.581","18.438","34.78","57.572","56.754","56.754"
"inventories","3.824","5.512","7.314","6.853","5.403","10.118","9.317","12.542","19.119","35.574","58.29","63.238","63.238"
"other_current_assets","0.145","0.173","1.292","0.23","1.045","1.934","1.76","13.729","4.292","7.183","13.368","10.456","10.456"
"total_current_assets","8.380000000000001","11.628","50.225","25.393","19.243","26.958","30.958","54.324","109.096","150.325","261.965","427.319","427.319"
"equity_and_other_investments","","","","","","","","","27.894","25.856","25.418","23.528","23.528"
"ppe_gross","49.586","69.968","82.16500000000001","113.683","141.07","152.456","167.341","250.84","378.886","708.141","954.864","1184.171","1184.171"
"accumulated_depreciation","-16.413","-21.204","-24.339","-30.89","-39.577","-51.857","-65.247","-76.40000000000001","-86.23699999999999","-113.582","-145.291","-199.496","-199.496"
"ppe_net","33.174","48.764","57.826","82.79300000000001","101.493","100.599","102.094","174.44","292.649","594.559","809.573","984.675","984.675"
"intangible_assets","","","","","","","","","","","","",""
"goodwill","","","","","","","","","","","","",""
"other_lt_assets","2.54","2.225","4.411","4.912","5.715","6.343","6.913","7.362","4.749","13.67","28.427","28.899","28.899"
"total_assets","44.094","62.617","112.462","113.098","126.451","133.9","139.965","236.126","434.388","784.41","1125.383","1464.421","1464.421"
"accounts_payable","9.206","6.287","5.424","6.669","6.884","9.173","9.166","18.668","16.452","42.612","55.088","36.096","36.096"
"tax_payable","","","0.155","0.046","","0.173","","","","","","",""
"current_accrued_liabilities","2.284","1.907","0.98","1.776","2.636","3.444","3.774","15.743","7.186","8.016","24.457","30.509","30.509"
"st_debt","","","","","7","","","","","","","",""
"current_deferred_revenue","","","","","","","","","","","","",""
"current_deferred_tax_liability","","","","","","","","","","","","",""
"other_current_liabilities","1.7763568394003E-15","1.7763568394003E-15","2.51","0.657","2.149","3.903","5.277","6.39","8.185","6.934","8.558999999999999","19.307","19.307"
"total_current_liabilities","11.49","8.194000000000001","9.069000000000001","9.148","18.669","16.693","18.217","41.986","33.121","58.946","89.614","89.22199999999999","89.22199999999999"
"lt_debt","44.057","76.11199999999999","","","","","","54.466","","","","393.074","393.074"
"noncurrent_capital_leases","","","","","","","","8.409000000000001","7.098","5.71","4.2","28.671","28.671"
"pension_liabilities","","","","","","","","","","","","",""
"noncurrent_deferred_revenue","","","","","","","","","","","","",""
"other_lt_liabilities","2.735","8.177","","","","0.304","0.273","","","1.4210854715202E-14","-1.4210854715202E-14","",""
"total_liabilities","58.282","92.483","9.069000000000001","9.148","18.669","16.997","18.49","104.861","40.219","64.65600000000001","93.81399999999999","510.967","510.967"
"common_stock","","","","","","","","","","","","",""
"preferred_stock","87.616","101.192","","","","","","","","","","",""
"retained_earnings","-125.831","-147.519","-184.858","-188.568","-191.729","-195.991","-201.353","-202.735","-205.924","-235.623","-295.117","-328.731","-328.731"
"aoci","","","","","","0.076","-0.032","-0.079","-0.08","-0.12","1.37","-0.591","-0.591"
"apic","24.017","16.45","288.217","292.485","299.478","312.783","323.079","334.299","600.388","955.71","1325.524","1282.984","1282.984"
"treasury_stock","","","","","","","-0.256","-0.256","-0.256","-0.256","-0.256","-0.256","-0.256"
"other_equity","0.010000000000003","0.011000000000013","0.03400000000002","0.03300000000000099","0.034000000000006","0.035000000000011","0.036000000000016","0.03600000000003","0.04099999999994","0.042999999999893","0.04800000000022901","0.048000000000002","0.048000000000002"
"minority_interest_liability","","","","","","","","","","","","",""
"total_equity","-14.188","-29.866","103.393","103.95","107.783","116.903","121.474","131.265","394.169","719.754","1031.569","953.454","953.454"
"total_liabilities_and_equity","44.094","62.617","112.462","113.098","126.452","133.9","139.964","236.126","434.388","784.41","1125.383","1464.421","1464.421"
"cfo_net_income","-18.656","-21.687","-37.339","-3.711","-3.161","-4.262","-5.361","-1.383","-3.188","-29.699","-59.494","-33.614","9.773999999999999"
"cfo_da","4.728","5.945","6.425","7.574","9.887","12.692","14.068","15.922","21.125","30.468","34.555","58.517","59.927"
"cfo_receivables","-1.599","-0.922","-1.871","-1.682","-1.851","-3.852","0.41","-8.019","0.166","-16.371","-32.993","0.82","-20.119"
"cfo_inventory","-0.758","-1.839","-1.689","0.5659999999999999","1.569","-5.008","0.702","-3.338","-6.808","-16.804","-26.171","-1.207","-1.024"
"cfo_prepaid_expenses","-0.033","-0.03","-1.102","1.062","-0.8159999999999999","-0.797","0.174","-11.969","9.436999999999999","-2.891","-0.435","-2.249","-4.226"
"cfo_other_working_capital","3.96","0.124","-1.522","-0.742","2.594","5.885","1.433","15.712","-14.601","5.484","5.49","16.92","28.419"
"cfo_change_in_working_capital","1.57","-2.667","-6.184","-0.796","1.496","-3.772","2.719","-7.614","-11.806","-30.582","-54.109","14.284","3.05"
"cfo_deferred_tax","","","","","","","","","","","","",""
"cfo_stock_comp","1.12","0.98","1.56","3.92","4.19","4.44","6.81","7.83","10.93","25","26.09","24.94","22.74"
"cfo_other_noncash_items","2.522","6.188","27.512","-0.248","0.388","1.172","0.339","1.562","4.132","5.46","9.731","11.813","-0.405"
"cf_cfo","-8.715999999999999","-11.241","-8.026","6.739","12.8","10.27","18.575","16.317","21.193","0.647","-43.227","75.94","95.086"
"cfi_ppe_net","-26.306","-24.643","-16.877","-32.01","-29.939","-13.004","-16.274","-70.633","-134.568","-322.099","-230.071","-239.093","-227.527"
"cfi_acquisitions_net","","","","","","","","","-27.894","","-3.293","",""
"cfi_investment_net","","","","-3.25","3.25","","","","","","","","-64.11499999999999"
"cfi_intangibles_net","","-0.191","","","","","","","","","","",""
"cfi_other","","0.191","","","","","","","2.8421709430404E-14","","","","113.441"
"cf_cfi","-26.306","-24.643","-16.877","-35.26","-26.689","-13.004","-16.274","-70.633","-162.462","-322.099","-233.364","-239.093","-178.201"
"cff_common_stock_net","","0.05","164.406","","","","-0.256","","252.062","332.172","337.508","",""
"cff_pfd_net","1.103","4.981","-28.448","","","","","","","","","",""
"cff_debt_net","33","32","-76.5","","7","-7","","53.791","-55.067","","","392.409","-1.611"
"cff_dividend_paid","","","","","","","","","","","","",""
"cff_other","-0.34","-0.335","-0.73999999999999","0.292","2.768","8.01","3.325","2.443","2.049","-5.179","-0.96999999999997","-65.12","5.477"
"cf_cff","33.763","36.696","58.718","0.292","9.768000000000001","1.01","3.069","56.234","199.044","326.993","336.538","327.289","3.866"
"ebitda","-10.019","-6.436","0.345","3.926","7.672","9.941000000000001","9.182","15.669","19.127","5.805","-17.428","28.071","59.455"
"capex","-26.306","-24.643","-16.877","-32.01","-29.939","-13.004","-16.274","-70.633","-134.568","-322.099","-230.071","-239.093","-227.527"
"fcf","-35.022","-35.884","-24.903","-25.271","-17.139","-2.734","2.301","-54.316","-113.375","-321.452","-273.298","-163.153","-132.441"
"book_value","-101.804","-131.058","103.393","103.95","107.783","116.903","121.474","131.265","394.169","719.754","1031.569","953.454","977.8440000000001"
"tangible_book_value","-101.804","-131.058","103.393","103.95","107.783","116.903","121.474","131.265","394.169","719.754","1031.569","953.454","977.8440000000001"
"roa","","-0.41","-0.43","-0.03","-0.03","-0.03","-0.04","-0.01","-0.01","-0.05","-0.06","-0.03","0.01"
"roe","","0.98","-1.02","-0.04","-0.03","-0.04","-0.04","-0.01","-0.01","-0.05","-0.07000000000000001","-0.03","0.01"
"roic","","-0.57","-0.5","-0.04","-0.03","-0.04","-0.04","-0.01","-0.01","-0.05","-0.07000000000000001","-0.03","0.01"
"roce","","-0.28","-0.08","-0.04","-0.02","-0.02","-0.04","","-0.01","-0.04","-0.06","-0.03",""
"rotce","","-0.28","-0.08","-0.04","-0.02","-0.02","-0.04","","-0.01","-0.04","-0.06","-0.03",""
"gross_margin","0.47","0.43","0.49","0.47","0.47","0.48","0.47","0.46","0.42","0.38","0.31","0.33","0.35"
"ebitda_margin","-0.23","-0.1","","0.03","0.06","0.07000000000000001","0.05","0.06","0.06","0.01","-0.03","0.04","0.07000000000000001"
"operating_margin","-0.34","-0.2","-0.07000000000000001","-0.03","-0.02","-0.02","-0.03","","-0.01","-0.06","-0.09","-0.04",""
"pretax_margin","-0.43","-0.34","-0.43","-0.03","-0.02","-0.03","-0.03","-0.01","-0.01","-0.06","-0.09","-0.04","0.01"
"net_income_margin","-0.43","-0.34","-0.43","-0.03","-0.02","-0.03","-0.03","-0.01","-0.01","-0.07000000000000001","-0.1","-0.04","0.01"
"fcf_margin","-0.8","-0.57","-0.29","-0.22","-0.13","-0.02","0.01","-0.22","-0.36","-0.76","-0.46","-0.21","-0.16"
"assets_to_equity","-3.11","-2.1","1.09","1.09","1.17","1.15","1.15","1.8","1.1","1.09","1.09","1.54","1.51"
"equity_to_assets","-0.32","-0.48","0.92","0.92","0.85","0.87","0.87","0.5600000000000001","0.91","0.92","0.92","0.65","0.66"
"debt_to_equity","-3.11","-2.55","","","0.06","","","0.48","0.02","0.01","","0.44","0.43"
"debt_to_assets","1","1.22","","","0.06","","","0.27","0.02","0.01","","0.29","0.28"
"revenue_per_share","2.1","3.04","6.36","3.47","3.85","4.42","5.47","6.84","8.02","9.91","12.89","15.92","16.91"
"ebitda_per_share","-0.48","-0.31","0.03","0.12","0.23","0.29","0.26","0.44","0.48","0.14","-0.38","0.58","1.21"
"operating_income_per_share","-0.71","-0.6","-0.45","-0.11","-0.07000000000000001","-0.08","-0.14","-0.01","-0.05","-0.57","-1.13","-0.63","-0.02"
"pretax_income_per_share","-0.9","-1.04","-2.74","-0.11","-0.09","-0.12","-0.15","-0.03","-0.08","-0.64","-1.2","-0.65","0.21"
"fcf_per_share","-1.69","-1.73","-1.83","-0.75","-0.51","-0.08","0.07000000000000001","-1.51","-2.85","-7.49","-5.92","-3.39","-2.72"
"book_value_per_share","-4.9","-6.31","7.58","3.1","3.2","3.39","3.44","3.65","9.91","16.77","22.33","19.8","19.54"
"tangible_book_per_share","-4.9","-6.31","7.58","3.1","3.2","3.39","3.44","3.65","9.91","16.77","22.33","19.8","19.54"
"payout_ratio","","","","","","","","","","","","",""
"revenue_growth","","0.45","0.37","0.34","0.12","0.17","0.27","0.27","0.3","0.33","0.4","0.29",""
"gross_profit_growth","","0.32","0.55","0.29","0.1","0.2","0.24","0.27","0.16","0.22","0.15","0.35",""
"ebitda_growth","","0.36","1.05","10.38","0.95","0.3","-0.08","0.71","0.22","-0.7","-4","2.61",""
"operating_income_growth","","0.16","0.51","0.4","0.39","-0.24","-0.78","0.95","-6.9","-11.34","-1.11","0.41",""
"pretax_income_growth","","-0.16","-0.72","0.9","0.15","-0.35","-0.26","0.77","-1.52","-7.82","-1.02","0.43",""
"net_income_growth","","-0.16","-0.72","0.9","0.15","-0.35","-0.26","0.74","-1.31","-8.32","-1","0.44",""
"eps_diluted_growth","","-0.14","-5.6","0.99","0.18","-0.33","-0.25","0.73","-1","-7.63","-0.87","0.46",""
"shares_diluted_growth","","","-0.34","1.46","0.01","0.02","0.02","0.02","0.11","0.08","0.08","0.04",""
"cash_and_equiv_growth","","0.5","13.83","-0.78","-0.51","-0.44","2.46","0.25","6.1","0.08","0.82","1.24",""
"ppe_growth","","0.47","0.19","0.43","0.23","-0.01","0.01","0.71","0.68","1.03","0.36","0.22",""
"total_assets_growth","","0.42","0.8","0.01","0.12","0.06","0.05","0.6899999999999999","0.84","0.8100000000000001","0.43","0.3",""
"total_equity_growth","","-1.11","4.46","0.01","0.04","0.08","0.04","0.08","2","0.83","0.43","-0.08",""
"cfo_growth","","-0.29","0.29","1.84","0.9","-0.2","0.8100000000000001","-0.12","0.3","-0.97","-67.81","2.76",""
"capex_growth","","0.06","0.32","-0.9","0.06","0.57","-0.25","-3.34","-0.91","-1.39","0.29","-0.04",""
"fcf_growth","","-0.02","0.31","-0.01","0.32","0.84","1.84","-24.61","-1.09","-1.84","0.15","0.4",""
"shares_eop","20.758","20.758","33.468","33.537","33.962","35.133","35.542","36.148","40.718","43.435","48.037","48.263","48.43"
"dividends","","","","","","","","","","","","",""
"price_to_earnings","","","-15.29","-76.73","-109.05","-156.21","-213.21","-1544.46","-1813.53","-139.33","-42.61","-124.57","574.14"
"price_to_book","","","5.52","2.74","3.2","5.7","9.41","16.27","14.67","5.75","2.46","4.39","5.74"
"price_to_sales","","","6.58","2.45","2.66","4.37","5.92","8.69","18.14","9.73","4.26","5.46","6.82"
"price_to_tangible_book","","","5.52","2.74","3.2","5.7","9.41","16.27","14.67","5.75","2.46","4.39","5.74"
"price_to_fcf","","","-22.93","-11.27","-20.11","-243.52","496.75","-39.33","-50.99","-12.87","-9.279999999999999","-25.66","-42.37"
"market_cap","","","570.96408","284.72913","344.7143","665.77035","1143.03072","2135.98532","5781.54882","4138.05245","2534.91249","4187.29788","5611.6791"
"period_end_price","","","17.06","8.49","10.15","18.95","32.16","59.09","141.99","95.27","52.77","86.76000000000001","86.76000000000001"
