"Company: ","Topbuild Corp (BLD:US)","","","","","","","","","","","",""
"Exchange: ","NYSE","","","","","","","","","","","",""
"Last Close Price: ","379.45","","","","","","","","","","","",""
"Industry: ","Household Durables","","","","","","","","","","","",""
"Currency: ","USD","","","","","","","","","","","",""
"Country: ","US","","","","","","","","","","","",""
"Market Cap.: ","12154","","","","","","","","","","","",""
"Enterprise Value: ","12548","","","","","","","","","","","",""
"period_end_date","2012-12","2013-12","2014-12","2015-12","2016-12","2017-12","2018-12","2019-12","2020-12","2021-12","2022-12","2023-12","TTM"
"revenue","1207.89","1411.524","1512.077","1616.58","1742.85","1906.266","2384.249","2624.121","2718.038","3486.207","5008.744","5194.694","5208.173"
"cogs","974.73","1108.846","1180.409","1258.551","1342.506","1445.157","1808.097","1942.854","1971.677","2511.818","3522.025","3590.874","3587.417"
"gross_profit","233.16","302.678","331.668","358.029","400.344","461.109","576.152","681.2670000000001","746.361","974.389","1486.719","1603.82","1620.756"
"sga","273.09","278.575","290.951","274.498","278.74","294.245","367.199","391.744","391.315","497.97","689.5549999999999","724.995","726.853"
"rnd","","","","","","","","","","","","",""
"special_charges","","","","","","","","","","","","",""
"other_opex","","","","","","","","","","","","",""
"total_opex","273.09","278.575","290.951","274.498","278.74","294.245","367.199","391.744","391.315","497.97","689.5549999999999","724.995","726.853"
"operating_income","-39.93","24.103","40.717","83.53100000000001","121.604","166.864","208.953","289.523","355.046","476.419","797.164","878.825","893.903"
"net_interest_income_normal","-13.88","-13.366","-12.404","-9.465","-5.608","-8.019","-28.687","-37.823","-32.456","-29.143","-56.716","-74.614","-75.37"
"other_nonoperating_income","-75.93000000000001","0.037","0.025","0.049","0.277","-30.805","0.5580000000000001","2.078","0.5","-13.833","1.687","21.272","30.632"
"pretax_income","-129.74","10.774","28.338","74.11499999999999","116.273","128.04","180.824","253.778","323.09","433.443","742.135","825.4829999999999","849.165"
"income_tax","-24.64","-22.325","-17.842","5.008","-43.667","30.093","-46.072","-62.783","-76.06699999999999","-109.427","-186.146","-211.229","-218.398"
"net_income_continuing","-154.38","-11.551","10.496","79.123","72.60599999999999","158.133","134.752","190.995","247.023","324.016","555.989","614.254","630.7670000000001"
"net_income_discontinued","-37.72","-1.187","-1.093","-0.152","","","","","","","","",""
"income_allocated_to_minority_interest","","","","","","","","","","","","",""
"other_income_statement_items","","","-1.7763568394003E-15","1.4210854715202E-14","","2.8421709430404E-14","","","2.8421709430404E-14","5.6843418860808E-14","","1.1368683772162E-13","2.8421709430404E-14"
"net_income","-192.1","-12.738","9.403","78.971","72.60599999999999","158.133","134.752","190.995","247.023","324.016","555.989","614.254","630.7670000000001"
"preferred_dividends","","","","","","","","","","","","",""
"net_income_available_to_shareholders","-192.1","-12.738","9.403","78.971","72.60599999999999","158.133","134.752","190.995","247.023","324.016","555.989","614.254","630.7670000000001"
"eps_basic","-5.04","-0.33","0.25","2.1","1.93","4.41","3.86","5.65","7.5","9.880000000000001","17.26","19.44","19.95"
"eps_diluted","-5.04","-0.33","0.25","2.09","1.92","4.32","3.78","5.56","7.42","9.779999999999999","17.14","19.33","19.84"
"shares_basic","38.1","38.1","38.1","37.675","37.586","35.898","34.921","33.806","32.918","32.802","32.214","31.598","31.598"
"shares_diluted","38.1","38.1","38.1","37.781","37.867","36.572","35.613","34.377","33.3","33.146","32.44","31.777","31.777"
"cash_and_equiv","","3.02","2.965","112.848","134.375","56.521","100.929","184.807","330.007","139.779","240.069","848.5650000000001","848.5650000000001"
"st_investments","","","","","","","","","","","","",""
"receivables","","204.51","220.176","235.549","252.624","308.508","407.106","428.844","427.34","668.419","836.071","799.009","799.009"
"inventories","","97.98999999999999","106.972","118.701","116.19","131.342","168.977","149.078","161.369","352.801","438.644","364.731","364.731"
"other_current_assets","","5.04","5.117","13.263","23.364","15.221","27.685","17.098","17.689","26.692","34.257","36.939","36.939"
"total_current_assets","","310.56","335.23","480.361","526.553","511.592","704.697","779.827","936.405","1187.691","1549.041","2049.244","2049.244"
"equity_and_other_investments","","","","","","","","","","","","",""
"ppe_gross","","284.59","292.194","293.129","293.637","312.223","389.458","508.191","531.151","718.652","800.021","469.116","469.116"
"accumulated_depreciation","","-178.24","-199.037","-200.063","-200.877","-205.102","-221.497","-242.977","-267.608","-296.901","-340.692","",""
"ppe_net","","106.35","93.157","93.066","92.76000000000001","107.121","167.961","265.214","263.543","421.751","459.329","469.116","469.116"
"intangible_assets","","4.1300000000001","2.963","1.9880000000001","2.654","33.239","199.383","181.12","190.6","684.212","614.971","591.056","591.056"
"goodwill","","1044.04","1044.04","1044.04","1045.06","1077.19","1364.02","1367.92","1410.69","1949.76","1966.99","2042.57","2042.57"
"other_lt_assets","","1.8700000000001","1.0340000000001","22.794","23.092","20.407","18.47","9.882000000000101","14.045","15.115999999999","16.500000000001","10.865","10.865"
"total_assets","","1466.95","1476.424","1642.249","1690.119","1749.549","2454.531","2603.963","2815.283","4258.53","4606.831","5162.851","5162.851"
"accounts_payable","","183.78","228.72","253.311","241.534","263.814","313.172","307.97","331.71","461.917","487.114","469.585","469.585"
"tax_payable","","","","","","","","6.487","19.542","21.909","15.757","17.002","17.002"
"current_accrued_liabilities","","41.48","47.855","38.095","64.399","65.812","84.273","75.792","81.86499999999999","139.671","161.673","151.85","151.85"
"st_debt","","","","15","20","12.5","26.852","34.272","23.326","38.64","40.068","47.039","47.039"
"current_deferred_revenue","","","","","","9.275","19.963","16.139","6.542","14.311","21.94","18.365","18.365"
"current_deferred_tax_liability","","","","","","","","","","","","",""
"other_current_liabilities","","31.33","24.892","20.274","","","-5.6843418860808E-14","","","1.1368683772162E-13","","",""
"total_current_liabilities","","256.59","301.467","326.68","325.933","351.401","444.26","476.754","496.477","733.426","789.639","771.538","771.538"
"lt_debt","","","","178.457","158.8","229.387","716.622","697.955","683.396","1454.483","1417.257","1373.028","1373.028"
"noncurrent_capital_leases","","","","","","","","54.01","53.749","133.109","156.616","150.363","150.363"
"pension_liabilities","","","","","","","","","","","","",""
"noncurrent_deferred_revenue","","165.39","182.281","181.254","193.715","132.84","176.212","175.263","168.568","248.243","251.481","243.93","243.93"
"other_lt_liabilities","","42.28","40.385","40.129","39.124","39.402","45.339","47.092","64.29900000000001","52.835","62.132","60.337","60.337"
"total_liabilities","","464.26","524.133","726.52","717.572","753.03","1382.433","1451.074","1466.489","2622.096","2677.125","2599.196","2599.196"
"common_stock","","","","","","","","","","","","",""
"preferred_stock","","","","","","","","","","","","",""
"retained_earnings","","","","76.376","148.982","307.115","441.867","632.862","876.66","1200.676","1756.665","2370.919","2370.919"
"aoci","","","","","","","","","","-6.634","-21.92","-14.665","-14.665"
"apic","","","","838.976","845.476","830.6","846.451","849.657","858.414","873.0309999999999","887.367","906.3339999999999","906.3339999999999"
"treasury_stock","","","","","-22.296","-141.582","-216.607","-330.018","-386.669","-431.03","-692.799","-699.327","-699.327"
"other_equity","","1002.69","952.2910000000001","0.37700000000007","0.3850000000001","0.38599999999985","0.38699999999994","0.38799999999992","0.3889999999999","0.39100000000008","0.3929999999998","0.39400000000069","0.39400000000069"
"minority_interest_liability","","","","","","","","","","","","",""
"total_equity","","1002.69","952.2910000000001","915.729","972.547","996.519","1072.098","1152.889","1348.794","1636.434","1929.706","2563.655","2563.655"
"total_liabilities_and_equity","","1466.95","1476.424","1642.249","1690.119","1749.549","2454.531","2603.963","2815.283","4258.53","4606.831","5162.851","5162.851"
"cfo_net_income","-185.77","-12.738","9.403","78.971","72.60599999999999","158.133","134.752","190.995","247.023","324.016","555.989","614.254","630.765"
"cfo_da","29.64","27.488","26.079","12.108","12.011","16.453","39.419","52.7","62.41","79.39","123.335","132.878","135.035"
"cfo_receivables","-19.98","-25.62","-19.225","-19.591","-19.953","-37.943","-35.522","-27.146","2.612","-69.042","-169.327","20.812","3.173"
"cfo_inventory","-8.789999999999999","-13.376","-10.287","-13.608","1.37","-14.901","-23.297","17.433","-11.843","-46.518","-93.874","74.529","42.377"
"cfo_prepaid_expenses","","-1.186","0.1","-9.054","-10.102","8.183999999999999","-8.359999999999999","9.361000000000001","-0.46","0.5580000000000001","-9.222","-2.598","-6.636"
"cfo_other_working_capital","40.09","19.943","40.173","20.262","-8.065","25.096","29.027","-7.814","37.389","79.777","47.284","-13.311","29.019"
"cfo_change_in_working_capital","11.32","-20.239","10.761","-21.991","-36.75","-19.564","-38.152","-8.166","27.698","-35.225","-225.139","79.432","67.93300000000001"
"cfo_deferred_tax","40.53","21.609","16.711","-16.556","13.54","-59.535","12.936","8.888","-4.07","-2.818","6.041","-7.476","-0.24"
"cfo_stock_comp","4.05","3.9","3.76","4.65","7.67","9.890000000000001","11.32","13.66","14.75","11.32","12.31","15.84","17.83"
"cfo_other_noncash_items","-1.69","4.652","5.147","-1.171","7.708","7.815","6.897","13.7","10.073","26.342","23.265","14.481","7.062"
"cf_cfo","-101.92","24.672","71.861","56.011","76.785","113.192","167.172","271.777","357.884","403.025","495.801","849.409","858.385"
"cfi_ppe_net","1.11","-13.727","-12.142","-12.839","-13.438","-24.705","-51.655","-43.215","-38.475","-55.546","-76.38200000000001","-63.998","-68.29900000000001"
"cfi_acquisitions_net","7.36","","","","-3.476","-84.09","-500.202","-6.952","-83.408","-1267.114","-20.5","-149.154","-125.549"
"cfi_investment_net","","","","","","","","","","","","",""
"cfi_intangibles_net","","","","","","","","","","","","",""
"cfi_other","-12.13","-0.541","0.88","0.632","0.113","0.199","0.038000000000011","0.024999999999999","1.4210854715202E-14","0.41500000000019","2.975","14.982","16.135"
"cf_cfi","-3.66","-14.268","-11.262","-12.207","-16.801","-108.596","-551.819","-50.142","-121.883","-1322.245","-93.907","-198.17","-177.713"
"cff_common_stock_net","","","","","-22.296","-139.286","-65.02500000000001","-110.911","-49.151","-35.556","-250.05","",""
"cff_pfd_net","","","","","","","","","","","","",""
"cff_debt_net","","","","195","-15","63.75","508.205","-12.804","-24.948","785.6799999999999","-38.658","-40.138","-42.454"
"cff_dividend_paid","","","","-200","","","","","","","","",""
"cff_other","112.92","-18.124","-60.655","71.07899999999999","-1.161","-6.914","-14.125","-14.042","-16.702","-21.117","-11.365","-3.698","-3.416"
"cf_cff","112.92","-18.124","-60.655","66.07899999999999","-38.457","-82.45","429.055","-137.757","-90.801","729.0069999999999","-300.073","-43.836","-45.87"
"ebitda","-10.29","51.591","66.79600000000001","95.639","133.615","183.317","248.372","342.223","417.456","555.809","920.499","1011.703","1028.938"
"capex","1.11","-13.727","-12.142","-12.839","-13.438","-24.705","-51.655","-43.215","-38.475","-55.546","-76.38200000000001","-63.998","-68.29900000000001"
"fcf","-100.81","10.945","59.719","43.172","63.347","88.48699999999999","115.517","228.562","319.409","347.479","419.419","785.4109999999999","790.086"
"book_value","","1002.69","952.2910000000001","915.729","972.547","996.519","1072.098","1152.889","1348.794","1636.434","1929.706","2563.655","2712.033"
"tangible_book_value","","-45.48","-94.712","-130.299","-75.167","-113.91","-491.305","-396.151","-252.496","-997.538","-652.255","-69.971","81.379"
"roa","","-0.02","0.01","0.05","0.04","0.09","0.06","0.08","0.09","0.09","0.13","0.13","0.13"
"roe","","-0.03","0.01","0.08","0.08","0.16","0.13","0.17","0.2","0.22","0.31","0.27","0.26"
"roic","","-0.03","0.01","0.08","0.06","0.13","0.09","0.1","0.12","0.12","0.16","0.16","0.16"
"roce","","0.04","0.03","0.07000000000000001","0.09","0.12","0.12","0.14","0.16","0.16","0.21","0.21","0.21"
"rotce","","0.3","0.28","0.41","0.39","0.52","0.54","0.53","0.52","0.57","0.72","0.57","0.54"
"gross_margin","0.19","0.21","0.22","0.22","0.23","0.24","0.24","0.26","0.27","0.28","0.3","0.31","0.31"
"ebitda_margin","-0.01","0.04","0.04","0.06","0.08","0.1","0.1","0.13","0.15","0.16","0.18","0.19","0.2"
"operating_margin","-0.03","0.02","0.03","0.05","0.07000000000000001","0.09","0.09","0.11","0.13","0.14","0.16","0.17","0.17"
"pretax_margin","-0.11","0.01","0.02","0.05","0.07000000000000001","0.07000000000000001","0.08","0.1","0.12","0.12","0.15","0.16","0.16"
"net_income_margin","-0.16","-0.01","0.01","0.05","0.04","0.08","0.06","0.07000000000000001","0.09","0.09","0.11","0.12","0.12"
"fcf_margin","-0.08","0.01","0.04","0.03","0.04","0.05","0.05","0.09","0.12","0.1","0.08","0.15","0.15"
"assets_to_equity","","1.46","1.55","1.79","1.74","1.76","2.29","2.26","2.09","2.6","2.39","2.01","1.96"
"equity_to_assets","","0.68","0.64","0.5600000000000001","0.58","0.57","0.44","0.44","0.48","0.38","0.42","0.5","0.51"
"debt_to_equity","","","","0.21","0.18","0.24","0.6899999999999999","0.68","0.5600000000000001","0.99","0.84","0.61","0.57"
"debt_to_assets","","","","0.12","0.11","0.14","0.3","0.3","0.27","0.38","0.35","0.3","0.29"
"revenue_per_share","31.7","37.05","39.69","42.79","46.03","52.12","66.95","76.33","81.62","105.18","154.4","163.47","163.73"
"ebitda_per_share","-0.27","1.35","1.75","2.53","3.53","5.01","6.97","9.949999999999999","12.54","16.77","28.38","31.84","32.35"
"operating_income_per_share","-1.05","0.63","1.07","2.21","3.21","4.56","5.87","8.42","10.66","14.37","24.57","27.66","28.1"
"pretax_income_per_share","-3.41","0.28","0.74","1.96","3.07","3.5","5.08","7.38","9.699999999999999","13.08","22.88","25.98","26.7"
"fcf_per_share","-2.65","0.29","1.57","1.14","1.67","2.42","3.24","6.65","9.59","10.48","12.93","24.72","24.84"
"book_value_per_share","","26.32","24.99","24.24","25.68","27.25","30.1","33.54","40.5","49.37","59.49","80.68000000000001","85.17"
"tangible_book_per_share","","-1.19","-2.49","-3.45","-1.99","-3.11","-13.8","-11.52","-7.58","-30.1","-20.11","-2.2","2.56"
"payout_ratio","","","","","","","","","","","","",""
"revenue_growth","","0.17","0.07000000000000001","0.07000000000000001","0.08","0.09","0.25","0.1","0.04","0.28","0.44","0.04",""
"gross_profit_growth","","0.3","0.1","0.08","0.12","0.15","0.25","0.18","0.1","0.31","0.53","0.08",""
"ebitda_growth","","6.01","0.29","0.43","0.4","0.37","0.35","0.38","0.22","0.33","0.66","0.1",""
"operating_income_growth","","1.6","0.6899999999999999","1.05","0.46","0.37","0.25","0.39","0.23","0.34","0.67","0.1",""
"pretax_income_growth","","1.08","1.63","1.62","0.57","0.1","0.41","0.4","0.27","0.34","0.71","0.11",""
"net_income_growth","","0.93","1.74","7.4","-0.08","1.18","-0.15","0.42","0.29","0.31","0.72","0.1",""
"eps_diluted_growth","","0.93","1.74","7.46","-0.08","1.25","-0.13","0.47","0.33","0.32","0.75","0.13",""
"shares_diluted_growth","","","","-0.01","","-0.03","-0.03","-0.03","-0.03","","-0.02","-0.02",""
"cash_and_equiv_growth","","","-0.02","37.06","0.19","-0.58","0.79","0.83","0.79","-0.58","0.72","2.53",""
"ppe_growth","","","-0.12","","","0.15","0.57","0.58","-0.01","0.6","0.09","0.02",""
"total_assets_growth","","","0.01","0.11","0.03","0.04","0.4","0.06","0.08","0.51","0.08","0.12",""
"total_equity_growth","","","-0.05","-0.04","0.06","0.02","0.08","0.08","0.17","0.21","0.18","0.33",""
"cfo_growth","","1.24","1.91","-0.22","0.37","0.47","0.48","0.63","0.32","0.13","0.23","0.71",""
"capex_growth","","-13.37","0.12","-0.06","-0.05","-0.84","-1.09","0.16","0.11","-0.44","-0.38","0.16",""
"fcf_growth","","1.11","4.46","-0.28","0.47","0.4","0.31","0.98","0.4","0.09","0.21","0.87",""
"shares_eop","38.1","38.1","38.1","37.682","37.815","35.587","34.574","33.49","33.019","32.927","31.643","31.776","31.82"
"dividends","","","","","","","","","","","","",""
"price_to_earnings","","","","14.68","18.54","17.04","11.55","18.07","24.61","28.04","8.91","19.36","22.23"
"price_to_book","","","","1.27","1.38","2.7","1.45","2.99","4.51","5.55","2.57","4.64","5.17"
"price_to_sales","","","","0.72","0.77","1.41","0.65","1.32","2.24","2.61","0.99","2.29","2.69"
"price_to_tangible_book","","","","-8.9","-17.91","-23.66","-3.17","-8.710000000000001","-24.07","-9.109999999999999","-7.59","-169.96","172.32"
"price_to_fcf","","","","26.86","21.25","30.46","13.47","15.1","19.03","26.15","11.81","15.14","17.75"
"market_cap","","","","1159.47514","1346.214","2695.35938","1555.83","3452.1492","6078.13752","9084.888569999999","4951.81307","11892.48576","14023.14714"
"period_end_price","","","","30.77","35.6","75.73999999999999","45","103.08","184.08","275.91","156.49","374.26","374.26"
